0,94 4,35 0,94 2,61 0,97 2,94 0,97 1,15 0,83 3,66 0,83 3,34 HENKA HENKAN 

1 0,01 1 0 1 0,01 1 0,01 1 0,01 1 0 AL AL 

1 0,05 1 0 1 0,06 1 0 1 0,03 1 0 MARTHA MARTHA 

0,79 0,05 0,79 0 0,83 0,05 0,83 0 0,43 0,03 0,43 0 JONES JOHNSON 

0,96 0,09 0,96 0 0,96 0,09 0,96 0 0,75 0,04 0,75 0,01 ABCVWXYZ CABVWXYZ 

0,82 0,04 0,82 0 0,84 0,06 0,84 0 0,67 0,02 0,67 0 DWAYNE DUANE 

0,77 0,06 0,77 0 0,81 0,08 0,81 0 0,5 0,05 0,5 0 DIXON DICKSONX 

0 0,02 0 0 0 0,02 0 0 0 0,02 0 0 FVIE TEN 

1 0,06 0,9 0,01 1 0,06 0,94 0 0,86 0,04 0,86 0 PHILIPS PHILEPS 

0,9 0,13 0,81 0 0,91 0,13 0,83 0 0,7 0,06 0,7 0,01 MCDONALD'S MACDONALD 

0,83 0,03 0,83 0 0,85 0,02 0,85 0 0,75 0,02 0,75 0 NIKE NUKE 

0,44 0,06 0,44 0 0,44 0,06 0,44 0 0 0,03 0 0 RAZOR LOGITECH 

0,82 0,05 0,7 0 0,82 0,04 0,7 0 0,17 0,02 0,17 0 INTEL TELLIN 

0 0,01 0 0 0 0,01 0 0 0,33 0,01 0,33 0 IBM MIB 

0,81 0,07 0,69 0 0,85 0,07 0,76 0 0,44 0,03 0,44 0 COCA-COLA COLA 

0 0,04 0 0 0 0,03 0 0 0 0,02 0 0 TOYOTA BMW 

0,44 0,07 0,44 0 0,44 0,07 0,44 0 0,11 0,03 0,11 0 MICROSOFT LINUX 

0,67 0,03 0,67 0 0,67 0,02 0,7 0 0,5 0,02 0,5 0 ZARA ZERO 

0,52 0,07 0 0 0,52 0,07 0,1 0 0,14 0,03 0,14 0 SAMSUNG SUNGSAM 

0,81 0,03 0,81 0 0,81 0,02 0,81 0 0,5 0,01 0,5 0 IKEA KIA 

0,68 0,05 0,68 0 0,68 0,05 0,74 0,01 0,43 0,03 0,43 0 CISCO CIRCLET 

0,43 0,03 0,43 0 0,43 0,04 0,43 0 0 0,02 0 0 CHINA JAPAN 

0,84 0,05 0,84 0 0,87 0,05 0,87 0 0,57 0,03 0,57 0 TESLA TELSTRA 

0,75 0,11 0,56 0 0,75 0,1 0,56 0 0,33 0,04 0,33 0,01 HEINKEKEN SHORYKEN 

